0.12937023090682723
0.12633311580881026
0.1261136973257949
0.12590152240821426
0.12531809793760648
0.1251088982871376
0.12455045605256078
0.12358531888207323
0.122357880449554
0.1201164019406073
0.11793535189447336
0.11623753484156447
0.11476472495853485
0.11287779584989426
0.1115943932019989
0.1102518438888299
0.10936456010947863
0.10728198134385865
0.10693057012636593
0.10579590353452947
0.1051716088404759
0.10453994571006603
0.10388191238542784
0.10309227816384832
0.1022153842624904
0.10198835866154396
0.10156532509369477
0.10088530850731836
0.10118786041546089
0.09995218175640394
0.10026249548462215
0.0998415312620676
0.09887773686076338
0.09882479183855586
0.09935411923009356
0.09847159936006815
0.09842042983318133
0.09863311651432302
0.09784551347187548
0.09769183938890764
0.09789504239998925
0.0964947972212585
0.0957413696509817
0.09686974659157502
0.09639187140969735
0.09605391217212145
0.09640152307618857
0.09581907027631513
0.09549254525230318
0.09545681622136555
0.09513095549551251
0.09524572414654553
0.0946831919420496
0.09401336099296415
0.09438094702499425
0.09437510888529342
0.09379742574596979
0.09381643639367343
0.09356113216320242
0.09334100552533281
0.09383783131676002
0.0929997200081291
0.09300924019412628
0.09319010894540394
0.09310486304369243
0.09250200269606522
0.09233122255690714
0.09242379754966687
0.0922424576719941
0.09237847484133796
0.09186636760854
0.09220527828063403
0.09114027264635631
0.09209585758872602
0.09090102009353848
0.09158294380601291
0.0908837917443622
0.09114790958395015
0.0905124720553033
0.09094352490153768
0.09109086708922179
0.09044416241573215
0.09066674329161274
0.08963926449776435
0.09010457115419804
0.08957858427584495
0.08963727337200574
0.08988456245977071
0.08899721192576054
0.089147875453956
0.0891800498065327
0.0890200549925918
0.08855633732130862
0.08918245799718114
0.08870357503613083
0.08887876065041873
0.0887071969171103
0.08758700425433873
0.0887303324235651
0.08845074145344452
0.08839520943532442
0.08776864986592156
0.08758398216243767
0.08754240118886168
0.08745250091696544
0.08736348275277299
0.08742494198231386
0.08735198967875529
0.08604209115793762
0.08673702890473896
0.08738679848062243
0.08650505068784911
0.08663444312779223
0.08633034344823255
0.08637210831936244
0.08623433297773125
0.0857155575013096
0.08635724060774959
0.08629184082740032
0.08573789306164158
0.08558473771595511
0.08566127063184861
0.08632810732611304
0.08617582576475095
0.08545676686730933
0.08506654736154573
0.08498887411088236
0.08531581065664465
0.08445884498042872
0.08506506515697188
0.08476096965644228
0.08517231113335899
0.08439436680915469
0.08441902328025379
0.08413793754390361
0.08345249405924066
0.08457119910290668
0.08500517073576537
0.08403758396292677
0.08415904473527815
0.08381365842198198
0.08396304031448183
0.08366127462177614
0.08337693463482072
0.0835295887454431
0.0839497026740996
0.08335768592401564
0.08321020384864626
0.08300443820198716
0.08329676036759806
