0.12589357096826134
0.12404103609505691
0.11814617049425863
0.11111367193879408
0.1065274892046851
0.10422923707217556
0.10199961990776961
0.10119562233090863
0.09998310863671143
0.09873171948052543
0.09815301725032535
0.09732871338482325
0.09723548599807119
0.095842282938763
0.09559496962649587
0.09530000972125861
0.09492285310343497
0.09386835829047753
0.0934959945664145
0.09300254395446914
0.09306606883291499
0.0920699171294206
0.09206293068415809
0.09084672008874436
0.09052483892665064
0.09091591959294651
0.09003451283330415
0.09005170172156984
0.09009401638370045
0.08867327926161679
0.08957481687155873
0.08800006971699587
0.08861681337766725
0.08790020502184694
0.08786938080522236
0.08682018515557814
0.08702722542953177
0.0861911554586018
0.08609718381722738
0.08585276758143659
0.08544646061037843
0.08534205962431995
0.0852204711198853
0.08524958669122011
0.08501461463856827
0.08460769599738557
0.08502879062244095
0.08408184880730346
0.08395266099677612
0.08368805800243068
0.08363648117328448
0.08272297914473006
0.08337130638300401
0.08278641006147057
0.08271279881070343
0.08181296131025229
0.08244338891591048
0.08161705912107456
0.0821902426877301
0.08082837425894844
0.0820043482077131
0.08118938667088446
0.08101089325891714
0.08081825760888951
0.08053742982649452
0.08090439741409408
0.07994579627410536
0.08056441234400145
0.08009071955768012
0.07962539293091597
0.07950661235465108
0.0795134830037876
0.07933162164905443
0.07904931268805769
0.07897959250300729
0.07812599694721915
0.07880438093306992
0.07898265876662047
0.07855986524301041
0.07800608645919407
0.07740314056572292
0.0772950269131581
0.07708791029098377
0.07835268953784758
0.07700133253729927
0.07758297830750722
0.07677013909948528
0.07662402989040797
0.07642376906678508
0.0759007740907423
0.07670577394120724
0.07598383098123979
0.07598032717375537
0.07620715547303898
0.07588062962535928
0.07475833956779344
0.07541902036434278
0.07462623522922547
0.07453189713951226
0.07434190100505428
0.07463087317229612
0.07493522441154815
0.07438877587914004
0.07398765282149089
0.07422170017270084
0.07467156738661304
0.0739925142429636
0.0736890535330569
0.07425918273882083
0.07317411457676125
0.07363974068478571
0.07283329403011997
0.07301870089015636
0.07335012616218292
0.07299320087345466
0.07339984700488342
0.07299806369949766
0.07325610968582708
0.07279410996727928
0.07184174951076322
0.07195411525851678
0.07221567493200858
0.07210318506619466
0.07211335983685138
0.07210559582032836
0.0717620345177902
0.07310107182436806
0.07116379536965774
0.07165556177901519
0.07112867238333838
0.07097258719798434
0.07088130697769837
0.07074754768686298
0.07116306078373877
0.07162824860948107
0.07070154106985746
0.0700709364117579
0.07049701701563584
0.07050166187896065
0.07044871905464549
0.06979048343142676
0.06958179550550306
0.07028655262622055
0.06936963443132081
0.06941411218080666
0.06941166568382753
0.06973582599384319
0.06890804226646782
0.0695804421803672
0.06892757753706469
