0.12366648799832983
0.11366088121343343
0.10667471948048697
0.10306230772942698
0.10207215824892023
0.10039261481424835
0.10021241780304002
0.10001645699039367
0.09904584698407941
0.09906613895246186
0.09828650729428713
0.09807543752207785
0.09769576889100788
0.09778111675122711
0.09753582661261939
0.09755639318316088
0.09724803263996348
0.0973859337917865
0.09698043226663969
0.09681587232763773
0.09644013784010805
0.09683335332605984
0.09616973529417354
0.09671237010182199
0.0958598060425027
0.09567649671164846
0.0960874785463231
0.09614705791461366
0.09596180595035604
0.0956025247030752
0.09583175027146185
0.09501139097395472
0.09549968386223559
0.0949886180084745
0.09496396631464836
0.09554191529346215
0.09536758845540513
0.09500322803924303
0.0946041162973277
0.09480640930871431
0.09468937070449256
0.09405408720749585
0.09451934995232301
0.09464509379699583
0.09490780255781116
0.09463764545330713
0.09419002261986743
0.09454906467692255
0.0942358389017053
0.09432480992898172
0.09374341876459177
0.09383322284076452
0.09400209453595619
0.09399120014267803
0.0936395581277005
0.09308780956062539
0.09340763127588782
0.09366849780984401
0.09273947690685097
0.09361645073866179
0.09300723864680302
0.09318212931867345
0.09345613293424884
0.09295220559215804
0.09303188705462832
0.09285836821440767
0.09313107858779728
0.09282552485865063
0.09300183408869801
0.09231231828661646
0.09203931601693503
0.09214378012773415
0.09157683350625567
0.09231311728190876
0.09229276663948159
0.09257978941346436
0.09189127429545249
0.09128421178279782
0.09138066462646445
0.091624805369957
0.0918745550162992
0.09206775010002038
0.09205257820357085
0.09175188085418325
0.09192656128269189
0.09102886314362958
0.0914717423733211
0.09078248638205975
0.09097265919469603
0.09103646498141685
0.09192124585410807
0.09154823473875055
0.09153400892731384
0.09105381180869691
0.09066900727393278
0.09105321403688196
0.09105445953523864
0.09091804871917973
0.09075391707584968
0.09074835703817331
0.09066466257681303
0.09058698308361511
0.0906536516359927
0.09072968324457055
0.09101086527490634
0.0907702386708709
0.09043753276889041
0.09054091907141743
0.09047397129856125
0.09057447466568673
0.09033264489403707
0.08973990395792332
0.09034269781099723
0.09007615159367571
0.08979740682223493
0.08981006186169373
0.09011520903710712
0.09010823662309705
0.08961844505544223
0.09033668089782294
0.08979245036539872
0.0897052048902765
0.08982901145105125
0.09021011296055685
0.08946020563354873
0.09047470541773515
0.09007365782539266
0.08942060940447383
0.08963348208713476
0.0895710024430689
0.08921009630450359
0.08974179712502045
0.09074772120423794
0.0895641246236878
0.08952835836007764
0.08963468314211344
0.08953383363222688
0.089379423057344
0.08893387024113844
0.0894733093985298
0.08963712576496406
0.08967509720968682
0.08952039803607321
0.08910344356397865
0.08923737308237328
0.0892891234366398
0.0892889928722955
0.08891751094958965
0.08864383457287787
0.08932710882591313
